0 0.0660546875 0.8793595766423358 0.10124999999999999 0.13071899999999997
0 0.0728125 0.4026133941605839 0.015625 0.03267900000000006
0 0.100703125 0.3184910145985402 0.06687499999999999 0.12231500000000005
0 0.099609375 0.3949726642335766 0.043125 0.04761900000000007
0 0.1198046875 0.9056369489051095 0.06937499999999999 0.18394000000000008
0 0.122578125 0.3533117883211679 0.036875000000000005 0.06535999999999997
0 0.1495703125 0.37268237226277373 0.05812500000000001 0.053222000000000026
0 0.1632421875 0.4521817445255475 0.08499999999999999 0.10737599999999996
0 0.2359375 0.30049793430656935 0.017500000000000016 0.061624999999999985
0 0.257265625 0.23310120437956205 0.05125000000000002 0.07656399999999995
0 0.3779296875 0.6943451751824817 0.28812499999999996 0.23902900000000002
0 0.2570703125 0.3085458102189781 0.026874999999999982 0.04481799999999997
0 0.26125 0.28005997810218974 0.031875000000000014 0.023343000000000013
0 0.4291015625 0.7004220072992701 0.34687500000000004 0.26237099999999997
0 0.289375 0.3133325182481752 0.03250000000000003 0.05042100000000001
0 0.2955078125 0.29110891240875914 0.04249999999999998 0.08309999999999998
0 0.5388671875 0.636343496350365 0.116875 0.07282899999999988
0 0.56328125 0.5780610145985401 0.16562499999999997 0.12044799999999996
