0 0.271484375 0.6930204999999999 0.543125 0.6108340000000001
0 0.11390625 0.8004166666666667 0.2275 0.39666700000000005
0 0.1275 0.6888024166666668 0.158125 0.16999999999999993
0 0.21671875 0.6118746666666667 0.18000000000000002 0.178334
0 0.2287109375 0.8201565833333334 0.17062500000000003 0.2383329999999999
0 0.46781249999999996 0.24739583333333334 0.57875 0.496667
0 0.2896484375 0.712917 0.12375 0.18999999999999995
0 0.42671875 0.2425524166666667 0.2425 0.2325
0 0.652578125 0.6930204999999999 0.6925 0.6108340000000001
0 0.462578125 0.061823249999999996 0.06687500000000002 0.070833
0 0.493984375 0.165208 0.106875 0.09500000000000001
0 0.5467968750000001 0.23598958333333334 0.12125000000000002 0.11249999999999998
0 0.5993359375 0.8530725833333334 0.07750000000000001 0.17583400000000005
0 0.6029296875 0.6896878333333333 0.07000000000000006 0.15333299999999994
0 0.610078125 0.554167 0.06812499999999999 0.125833
0 0.671953125 0.6982815833333333 0.06812499999999999 0.14583299999999996
0 0.6761328125 0.8560416666666666 0.07374999999999998 0.17916700000000008
0 0.67375 0.5590628333333334 0.06312499999999999 0.1216659999999999
0 0.7366015625 0.566667 0.06500000000000006 0.125833
0 0.7423046875 0.7034899166666667 0.06999999999999995 0.15499999999999994
0 0.7513671875 0.8663024166666666 0.08437499999999998 0.17000000000000007
0 0.8036328125 0.571667 0.07250000000000001 0.125833
0 0.8137109375 0.7088538333333334 0.07625000000000004 0.1516669999999999
0 0.8332421875 0.87151075 0.08499999999999996 0.1808330000000001
0 0.8637109375 0.5770309166666666 0.0774999999999999 0.12416699999999999
0 0.8850390625 0.7155208333333333 0.08062500000000006 0.15166700000000008
0 0.9090234375 0.8794788333333333 0.09312500000000001 0.18249999999999997
0 0.9288671875 0.578333 0.08500000000000008 0.125834
0 0.9514453125 0.7164579999999999 0.08875 0.1583339999999999
0 0.966875 0.8835416666666668 0.06374999999999997 0.17916699999999994
