0 0.045429687499999996 0.592546448023426 0.069375 0.057223000000000065
0 0.1132421875 0.5931868345534407 0.085 0.06472800000000001
0 0.2374609375 0.8381064363103953 0.201875 0.23921199999999992
0 0.290390625 0.6533380922401172 0.08374999999999999 0.07317099999999993
0 0.3568359375 0.6428788960468522 0.04625000000000001 0.11163199999999995
0 0.4466015625 0.7507848345534406 0.03500000000000003 0.06566600000000007
0 0.4680078125 0.9155383440702781 0.07374999999999998 0.16697899999999996
0 0.51296875 0.9109616017569546 0.05500000000000005 0.17448399999999992
0 0.561015625 0.9163620863836018 0.05125000000000002 0.1632269999999999
0 0.6040625 0.6016989326500731 0.11125000000000007 0.0459670000000001
0 0.5958203125 0.9278735402635432 0.057499999999999996 0.128517
