0 0.2708984375 0.8897399166666666 0.31125 0.2175000000000001
0 0.2407421875 0.906667 0.1475 0.12583300000000008
0 0.558203125 0.9754684166666667 0.06812499999999999 0.04583400000000001
0 0.6778125 0.9650520833333333 0.140625 0.0666670000000001
0 0.8684375 0.5817184166666668 0.015625 0.10833399999999986
0 0.9081640625 0.88578125 0.04937499999999995 0.1016670000000001
0 0.9296875 0.7703649166666667 0.07874999999999999 0.12416599999999993
0 0.8992578125 0.9513538333333332 0.010624999999999996 0.027500000000000153
0 0.949453125 0.9429163333333334 0.09875 0.106667
0 0.9299609375 0.8543232499999999 0.04625000000000001 0.07250000000000008
