0 0.267361 0.8499600131771596 0.313889 0.295834
0 0.2123919375 0.6599252401171303 0.13888799999999998 0.279167
0 0.26796875 0.31701473060029284 0.21111100000000002 0.177083
0 0.2633466875 0.44871550366032203 0.194444 0.19375000000000006
0 0.44157975 0.6832540263543192 0.33749999999999997 0.59375
0 0.346397125 0.16702049780380673 0.130556 0.28541700000000003
0 0.4232421875 0.36740821522693995 0.14722200000000002 0.16458300000000003
0 0.446310875 0.24747099414348464 0.09027800000000002 0.09166699999999997
0 0.419792 0.14629054026354318 0.03194400000000003 0.127084
0 0.539365875 0.36188689604685215 0.09166700000000005 0.1125
