0 0.060546875 0.6056640625 0.1225 0.17499999999999993
0 0.0625 0.70796875 0.125 0.14874999999999994
0 0.143828125 0.465 0.22374999999999998 0.12625000000000003
0 0.2487109375 0.7505859375 0.3575 0.20124999999999993
0 0.210546875 0.444921875 0.24750000000000003 0.08999999999999997
0 0.22945312499999998 0.38859375 0.255 0.1175
0 0.2276953125 0.5512109375 0.21375000000000002 0.10874999999999996
0 0.1928125 0.6279296875 0.14250000000000002 0.06999999999999995
0 0.3181640625 0.3398046875 0.175 0.16375
0 0.3572265625 0.604375 0.19 0.15749999999999997
0 0.3481640625 0.23375 0.11250000000000004 0.12624999999999997
0 0.4278125 0.4610546875 0.20500000000000002 0.09999999999999998
0 0.4987109375 0.6368359375 0.23374999999999996 0.2025
0 0.4990625 0.3846875 0.20374999999999993 0.17374999999999996
0 0.4947265625 0.1466015625 0.18999999999999995 0.16
0 0.5 0.26089843749999997 0.18874999999999997 0.155
0 0.5516015624999999 0.813984375 0.28375 0.23125000000000007
0 0.587265625 0.5173046875 0.20750000000000002 0.09999999999999998
0 0.6542578125 0.66140625 0.16625 0.19625000000000004
0 0.676953125 0.41984375 0.1925 0.18124999999999997
0 0.81609375 0.8401953125 0.30500000000000005 0.27625
0 0.83078125 0.64140625 0.22749999999999992 0.19625000000000004
0 0.8559765625 0.5691796875 0.25250000000000006 0.13124999999999998
0 0.8480859375 0.3025 0.20124999999999993 0.25125000000000003
0 0.8703515625 0.4283203125 0.22250000000000003 0.1825
